chr,pos
1,1165522
1,1176433
1,1179532
1,1188944
1,1781220
2,1018108
2,1018805
2,1019488
2,1022946
2,1028714
2,1037509
2,1037731
2,1100287
2,1137266
2,1755123
3,1673193
3,1673338
3,1678186
3,1693241
3,1717496
3,1728857
3,1766029
3,1860792
3,1936801
4,1092405
4,1098259
4,1098260
4,1099114
4,1107316
4,1165131
4,1258787
4,1350550
4,1565171
4,1573141
5,1074560
5,1075886
5,1075985
5,1076361
5,1076706
5,1115240
5,1197179
5,1278584
5,1412605
6,1459176
6,1460180
6,1461516
6,1462840
6,1479086
6,1480008
6,1495309
6,1568870
6,1629689
7,1291255
7,1338461
7,1424156
7,1425143
7,1494669
7,1497430
7,1503583
7,1504407
7,1574183
7,1640742
8,1611078
8,1611613
8,1612587
8,1620444
8,1638086
8,1639574
8,1652879
8,1675144
8,1911072
9,1292732
9,1293114
9,1301093
9,1305989
9,1310080
9,1327247
9,1377657
9,1465397
9,1567276
9,1723451
10,1290555
10,1300253
10,1304439
10,1321911
10,1335557
10,1340173
10,1344097
10,1403965
10,1687505
10,1692258
11,1672091
11,1672341
11,1676757
11,1679232
11,1717577
11,1830754
11,1857930
11,1936211
12,1510640
12,1698010
12,1777272
12,1890199
12,1890589
12,1892626
12,1900952
12,1905632
12,1913492
13,19627565
13,19647684
13,19647854
13,19653676
13,19664705
13,19814761
13,19825153
14,20546596
14,20546983
14,20548824
14,20559234
14,20568135
14,20591214
15,20178738
16,1035653
16,1386603
16,1838781
16,1861986
16,1908451
16,1912851
16,1926642
16,1972816
16,1983625
17,1366317
17,1366413
17,1369133
17,1392311
17,1397973
17,1456128
17,1465837
17,1506654
17,1758227
17,1828855
17,1838352
18,1121731
18,1122085
18,1123506
18,1200502
18,1265932
18,1351535
18,1442303
18,1452491
18,1487972
18,1698037
19,1086720
19,1451448
19,1792190
19,1883433
19,1892155
19,1896211
19,1932578
19,1964976
19,1967489
20,1609495
20,1692285
20,1827809
20,1829491
20,1832785
20,1862636
20,1877150
20,1910094
20,1915736
21,20048261
21,20050573
21,20054613
21,20060847
21,20060936
21,20065486
21,20091383
22,18479447
22,18522189
22,18522275
22,18532102
22,18532239
22,18543472
22,18583293
22,18616235
22,18888514
22,18897416
